iter,batch_ranking_loss
100,1.5502276420593262
200,2.867169141769409
300,0.43991705775260925
400,1.6999648809432983
500,1.0756760835647583
600,1.3375227451324463
700,0.9777736663818359
800,0.9996293783187866
900,0.8694976568222046
1000,1.1374835968017578
1100,0.18045243620872498
1200,0.5269951820373535
1300,0.8653038740158081
1400,0.4738280773162842
1500,0.4370279908180237
1600,0.23009175062179565
1700,0.41267645359039307
1800,0.2745789885520935
1900,0.5615307092666626
2000,0.8312710523605347
2100,0.11323963850736618
2200,0.3393709063529968
2300,0.22956542670726776
2400,0.10314353555440903
2500,0.23432953655719757
2600,0.2118663489818573
2700,0.33935534954071045
2800,0.3100888431072235
2900,0.22852925956249237
3000,0.1308232992887497
3100,0.13619464635849
3200,0.13875609636306763
3300,0.09727844595909119
3400,0.49560680985450745
3500,0.40684112906455994
3600,0.19582532346248627
3700,0.09335637092590332
3800,0.46786007285118103
3900,0.14905652403831482
4000,0.22565039992332458
4100,0.11250562965869904
4200,0.152290940284729
4300,0.16611112654209137
4400,0.3028702139854431
4500,0.4865494966506958
4600,0.3417399227619171
4700,0.15420430898666382
4800,0.21874740719795227
4900,0.14460700750350952
5000,0.2875264585018158
5100,0.3794693946838379
5200,0.0957016795873642
5300,0.10161442309617996
5400,0.0624103918671608
5500,0.12736298143863678
5600,0.15598700940608978
5700,0.1389375627040863
5800,0.128023162484169
5900,0.10129296779632568
6000,0.07526884973049164
6100,0.15498365461826324
6200,0.10525503754615784
6300,0.04412047192454338
6400,0.13740471005439758
6500,0.12164222449064255
6600,0.11195237189531326
6700,0.14638368785381317
6800,0.2193487286567688
6900,0.27459409832954407
7000,0.13498780131340027
7100,0.20674429833889008
7200,0.10547585040330887
7300,0.09284961968660355
7400,0.1388147473335266
7500,0.12417753785848618
7600,0.08676768839359283
7700,0.14052201807498932
7800,0.23878763616085052
7900,0.3389715254306793
8000,0.051217108964920044
8100,0.16435536742210388
8200,0.1017267256975174
8300,0.12644432485103607
8400,0.1105155497789383
8500,0.12276694923639297
8600,0.05498852580785751
8700,0.20722641050815582
8800,0.1805465817451477
8900,0.03795171156525612
9000,0.16451507806777954
9100,0.34960007667541504
9200,0.07977813482284546
9300,0.25508779287338257
9400,0.06599200516939163
9500,0.15656958520412445
9600,0.12079108506441116
9700,0.21425805985927582
9800,0.08971894532442093
9900,0.11153797060251236
10000,0.2294202744960785
10100,0.11879666894674301
10200,0.0643792450428009
10300,0.12720076739788055
10400,0.11666344106197357
10500,0.054834119975566864
10600,0.08415964245796204
10700,0.14301306009292603
10800,0.0626671314239502
10900,0.028108607977628708
11000,0.19625894725322723
11100,0.07592476904392242
11200,0.21496820449829102
11300,0.09127858281135559
11400,0.07343818247318268
11500,0.13386565446853638
11600,0.10750222206115723
11700,0.08874091506004333
11800,0.3342859447002411
11900,0.2881051003932953
12000,0.10766880959272385
12100,0.12415294349193573
12200,0.049680374562740326
12300,0.1524917334318161
12400,0.18250370025634766
12500,0.1828780323266983
12600,0.09708055853843689
12700,0.20223790407180786
12800,0.2648378908634186
12900,0.18746495246887207
13000,0.22364391386508942
13100,0.10698903352022171
13200,0.07387842983007431
13300,0.10195203125476837
13400,0.10153550654649734
13500,0.16843503713607788
13600,0.0650564655661583
13700,0.11035891622304916
13800,0.11261646449565887
13900,0.08632142096757889
14000,0.2648216485977173
14100,0.08241593092679977
14200,0.081037737429142
14300,0.12256553769111633
14400,0.22180688381195068
14500,0.20864148437976837
14600,0.17718414962291718
14700,0.11502324044704437
14800,0.06653840094804764
14900,0.1588669717311859
15000,0.20396755635738373
15100,0.05999259650707245
15200,0.15906009078025818
15300,0.15019799768924713
15400,0.11501116305589676
15500,0.04564884305000305
15600,0.1763840615749359
15700,0.21842046082019806
15800,0.05682143568992615
15900,0.07555342465639114
16000,0.08900131285190582
16100,0.11822868883609772
16200,0.1765184849500656
16300,0.08524651825428009
16400,0.08826340734958649
16500,0.10462895780801773
16600,0.13244515657424927
16700,0.1428796350955963
16800,0.07614079117774963
16900,0.16937561333179474
17000,0.28789496421813965
17100,0.15327660739421844
17200,0.13319145143032074
17300,0.08719969540834427
17400,0.2615015506744385
17500,0.13311767578125
17600,0.23482124507427216
17700,0.06955508887767792
17800,0.16820913553237915
17900,0.05721526965498924
18000,0.21403299272060394
18100,0.06533028930425644
18200,0.0905521959066391
18300,0.10767524689435959
18400,0.11015001684427261
18500,0.06412218511104584
18600,0.10872550308704376
18700,0.10386358946561813
18800,0.2319633513689041
18900,0.13232190907001495
19000,0.2151593118906021
19100,0.09611058980226517
19200,0.07706049084663391
19300,0.08432216942310333
19400,0.10332690924406052
19500,0.04834548011422157
19600,0.18807733058929443
19700,0.12678614258766174
19800,0.11757156252861023
19900,0.14480018615722656
20000,0.13992387056350708
20100,0.12293948233127594
20200,0.05601347237825394
20300,0.2458915114402771
20400,0.1297173798084259
20500,0.10036426782608032
20600,0.1825588047504425
20700,0.12720122933387756
20800,0.16766148805618286
20900,0.12631146609783173
21000,0.17214711010456085
21100,0.10655318945646286
21200,0.20415164530277252
21300,0.14316749572753906
21400,0.09189410507678986
21500,0.06647486984729767
21600,0.15298867225646973
21700,0.0870540514588356
21800,0.1176581084728241
21900,0.1713484823703766
22000,0.09619418531656265
22100,0.12141399085521698
22200,0.08837296813726425
22300,0.11174935847520828
22400,0.22370117902755737
22500,0.06343942880630493
22600,0.06786268949508667
22700,0.06917468458414078
22800,0.15830717980861664
22900,0.11255847662687302
23000,0.0687551349401474
23100,0.09037967026233673
23200,0.09107255190610886
23300,0.05806377902626991
23400,0.1285967230796814
23500,0.06250602006912231
23600,0.05978644639253616
23700,0.1679169237613678
23800,0.07602963596582413
23900,0.19818298518657684
24000,0.08419075608253479
24100,0.20716804265975952
24200,0.14732150733470917
24300,0.10802620649337769
24400,0.07485857605934143
24500,0.16473069787025452
24600,0.15005552768707275
24700,0.06382829695940018
24800,0.1541506052017212
24900,0.1652938723564148
25000,0.12667694687843323
25100,0.0988130047917366
25200,0.283771276473999
25300,0.20729662477970123
25400,0.06671402603387833
25500,0.0955454409122467
25600,0.15359817445278168
25700,0.16609054803848267
25800,0.1321789026260376
25900,0.06462633609771729
26000,0.14013753831386566
26100,0.09616899490356445
26200,0.12357832491397858
26300,0.08195903897285461
26400,0.08630342781543732
26500,0.05061611905694008
26600,0.08885370194911957
26700,0.15104322135448456
26800,0.21715876460075378
26900,0.0920998677611351
27000,0.14958301186561584
27100,0.11669745296239853
27200,0.07749679684638977
27300,0.14939329028129578
27400,0.17261722683906555
27500,0.07809671759605408
27600,0.07872872054576874
27700,0.156790629029274
27800,0.11340703815221786
27900,0.1871364712715149
28000,0.2407589852809906
28100,0.1388702094554901
28200,0.1455259919166565
28300,0.12955760955810547
28400,0.2780877947807312
28500,0.13601231575012207
28600,0.17905013263225555
28700,0.18669450283050537
28800,0.11276277154684067
28900,0.12275643646717072
29000,0.3023276627063751
29100,0.10208793729543686
29200,0.18247772753238678
29300,0.09083930402994156
29400,0.14806637167930603
29500,0.20661631226539612
29600,0.12817531824111938
29700,0.14288969337940216
29800,0.0876060277223587
29900,0.09752296656370163
30000,0.20967277884483337
30100,0.07092565298080444
30200,0.16946637630462646
30300,0.09665024280548096
30400,0.1448182761669159
30500,0.15197941660881042
30600,0.07075367122888565
30700,0.10156494379043579
30800,0.08546841144561768
30900,0.18435269594192505
31000,0.1425366997718811
31100,0.08024876564741135
31200,0.07865043729543686
31300,0.11443433910608292
31400,0.08673025667667389
31500,0.10892404615879059
31600,0.21751399338245392
31700,0.09712831676006317
31800,0.14636509120464325
31900,0.1279466301202774
32000,0.19428390264511108
32100,0.15756475925445557
32200,0.08000757545232773
32300,0.11301027238368988
32400,0.1662328541278839
32500,0.09400440752506256
32600,0.06828999519348145
32700,0.08340895175933838
32800,0.1294461041688919
32900,0.13155345618724823
33000,0.10185174643993378
33100,0.14060892164707184
33200,0.19073161482810974
33300,0.05994793027639389
33400,0.08509854972362518
33500,0.14347396790981293
33600,0.15385057032108307
33700,0.0722942054271698
33800,0.1064242273569107
33900,0.08357281237840652
34000,0.14235500991344452
34100,0.19571156799793243
34200,0.09280906617641449
34300,0.15309979021549225
34400,0.13790403306484222
34500,0.17172881960868835
34600,0.1740541160106659
34700,0.1651124209165573
34800,0.10371291637420654
34900,0.11718429625034332
35000,0.12566281855106354
35100,0.0871574655175209
35200,0.10231469571590424
35300,0.15475058555603027
35400,0.0677197054028511
35500,0.23331035673618317
35600,0.12364549934864044
35700,0.11451004445552826
35800,0.16143983602523804
35900,0.0835694670677185
36000,0.21379974484443665
36100,0.15093286335468292
36200,0.22321203351020813
36300,0.05369244143366814
36400,0.06606872379779816
36500,0.07524825632572174
36600,0.25852808356285095
36700,0.09464310109615326
36800,0.06605643779039383
36900,0.16018334031105042
37000,0.1053798496723175
37100,0.1148732602596283
37200,0.22738157212734222
37300,0.10276813805103302
37400,0.13106581568717957
37500,0.19633956253528595
37600,0.11318384110927582
37700,0.19991230964660645
37800,0.0780150294303894
37900,0.10150786489248276
38000,0.13336804509162903
38100,0.22152179479599
38200,0.12621329724788666
38300,0.13336752355098724
38400,0.14413008093833923
38500,0.1721998006105423
38600,0.18992769718170166
38700,0.2784697115421295
38800,0.10407557338476181
38900,0.11044579744338989
39000,0.14160212874412537
39100,0.13861170411109924
39200,0.12514522671699524
39300,0.1758750081062317
39400,0.08215168863534927
39500,0.10920684784650803
39600,0.1614377200603485
39700,0.0917578712105751
39800,0.11988712847232819
39900,0.06773444265127182
40000,0.19628646969795227
40100,0.1248147115111351
40200,0.13312214612960815
40300,0.08035913854837418
40400,0.08482751250267029
40500,0.11244875192642212
40600,0.0952373743057251
40700,0.13227973878383636
40800,0.21897321939468384
40900,0.2554861307144165
41000,0.1336248517036438
41100,0.08308757841587067
41200,0.22498686611652374
41300,0.0915408506989479
41400,0.12075026333332062
41500,0.09786519408226013
41600,0.2382487952709198
41700,0.10836814343929291
41800,0.1814858615398407
41900,0.08677752315998077
42000,0.15965183079242706
42100,0.08077264577150345
42200,0.08995933830738068
42300,0.07189467549324036
42400,0.08194562792778015
42500,0.09831877797842026
42600,0.12556245923042297
42700,0.12235206365585327
42800,0.11779174208641052
42900,0.14962346851825714
43000,0.110711008310318
43100,0.17452126741409302
43200,0.08271822333335876
43300,0.16878676414489746
43400,0.11899256706237793
43500,0.06750570982694626
43600,0.08331862092018127
43700,0.13510271906852722
43800,0.11592176556587219
43900,0.09394306689500809
44000,0.14110971987247467
44100,0.15332446992397308
44200,0.100229412317276
44300,0.08689741045236588
44400,0.15316641330718994
44500,0.08529193699359894
44600,0.1410156488418579
44700,0.09174170345067978
44800,0.1487549990415573
44900,0.088570736348629
45000,0.22633269429206848
45100,0.1324775218963623
45200,0.15632756054401398
45300,0.15923209488391876
45400,0.08454246819019318
45500,0.2841315269470215
45600,0.13094419240951538
45700,0.10322962701320648
45800,0.21010132133960724
45900,0.13150006532669067
46000,0.1695934236049652
46100,0.12345121800899506
46200,0.08068958669900894
46300,0.1061253696680069
46400,0.13770359754562378
46500,0.15194492042064667
46600,0.18787017464637756
46700,0.10431225597858429
46800,0.20926836133003235
46900,0.08575626462697983
47000,0.2566215991973877
47100,0.08002384006977081
47200,0.17598001658916473
47300,0.08667491376399994
47400,0.12926357984542847
47500,0.17980808019638062
47600,0.1400931477546692
47700,0.09132859110832214
47800,0.12321455776691437
47900,0.18343445658683777
48000,0.21676355600357056
48100,0.15366895496845245
48200,0.15597064793109894
48300,0.16447734832763672
48400,0.14353060722351074
48500,0.1538224071264267
48600,0.15808424353599548
48700,0.25924015045166016
48800,0.2531498372554779
48900,0.08441704511642456
49000,0.08435604721307755
49100,0.1322016716003418
49200,0.1380782425403595
49300,0.16125991940498352
49400,0.23758189380168915
49500,0.16572478413581848
49600,0.17844635248184204
49700,0.08196112513542175
49800,0.13449972867965698
49900,0.09691517800092697
50000,0.11854701489210129
50100,0.13977843523025513
50200,0.1277088075876236
50300,0.14310859143733978
50400,0.11496739089488983
50500,0.17434415221214294
50600,0.12403023988008499
50700,0.19009484350681305
50800,0.09219886362552643
50900,0.10764467716217041
51000,0.17107559740543365
51100,0.08656278997659683
51200,0.136830672621727
51300,0.096892349421978
51400,0.13399553298950195
51500,0.08165918290615082
51600,0.08602751046419144
51700,0.15387797355651855
51800,0.14807316660881042
51900,0.12570828199386597
52000,0.1279643177986145
52100,0.2496301382780075
52200,0.22423650324344635
52300,0.10822474211454391
52400,0.15035469830036163
52500,0.10082694888114929
52600,0.12033411860466003
52700,0.22847025096416473
52800,0.1397927701473236
52900,0.14394451677799225
53000,0.12098373472690582
53100,0.14292851090431213
53200,0.1113777756690979
53300,0.12423386424779892
53400,0.14954404532909393
53500,0.11712625622749329
53600,0.20226073265075684
53700,0.1188524067401886
53800,0.15445993840694427
53900,0.14403244853019714
54000,0.10387814044952393
54100,0.11807732284069061
54200,0.11429382860660553
54300,0.09109974652528763
54400,0.113735131919384
54500,0.13406634330749512
54600,0.11308188736438751
54700,0.12776869535446167
54800,0.20251519978046417
54900,0.1250986009836197
55000,0.11952736973762512
55100,0.1773948073387146
55200,0.10524744540452957
55300,0.14493536949157715
55400,0.14425772428512573
55500,0.12972314655780792
55600,0.14942386746406555
55700,0.2464408278465271
55800,0.10717543959617615
55900,0.11407002806663513
56000,0.1684115082025528
56100,0.10783620178699493
56200,0.14177319407463074
56300,0.19640955328941345
56400,0.14213618636131287
56500,0.11067158728837967
56600,0.12216030806303024
56700,0.15684080123901367
56800,0.1586189866065979
56900,0.21448926627635956
57000,0.1933317929506302
57100,0.16936296224594116
57200,0.113860584795475
57300,0.09793180227279663
57400,0.1350969523191452
57500,0.12267986685037613
57600,0.08945371955633163
57700,0.12128332257270813
57800,0.20450454950332642
57900,0.281095415353775
58000,0.10357218980789185
58100,0.3141196072101593
58200,0.15450990200042725
58300,0.19031858444213867
58400,0.23129044473171234
58500,0.17933209240436554
58600,0.17095719277858734
58700,0.11757504194974899
58800,0.18643727898597717
58900,0.16036075353622437
59000,0.12136679887771606
59100,0.13691219687461853
59200,0.12842652201652527
59300,0.10596327483654022
59400,0.12032024562358856
59500,0.1378105729818344
59600,0.16901713609695435
59700,0.11270494759082794
59800,0.20391491055488586
59900,0.11468745023012161
60000,0.07422082126140594
60100,0.19244396686553955
60200,0.15550951659679413
60300,0.19114506244659424
60400,0.1020675078034401
60500,0.09069488942623138
60600,0.16537995636463165
60700,0.13594622910022736
60800,0.14755986630916595
60900,0.14662329852581024
61000,0.10878501832485199
61100,0.16148065030574799
61200,0.12337975203990936
61300,0.10421597957611084
61400,0.1129419282078743
61500,0.1384975165128708
61600,0.16232940554618835
61700,0.19509930908679962
61800,0.0899134948849678
61900,0.12840399146080017
62000,0.155971497297287
62100,0.16878274083137512
62200,0.10483932495117188
62300,0.17805711925029755
62400,0.16051903367042542
62500,0.09188137948513031
62600,0.18343673646450043
62700,0.13855193555355072
62800,0.14685434103012085
62900,0.13281865417957306
63000,0.11130543053150177
63100,0.11468291282653809
63200,0.11788506805896759
63300,0.15830576419830322
63400,0.09887983649969101
63500,0.11518124490976334
63600,0.15310612320899963
63700,0.1166980117559433
63800,0.11821591854095459
63900,0.11901382356882095
64000,0.11850041896104813
64100,0.07534252107143402
64200,0.12423650175333023
64300,0.11378695070743561
64400,0.11552837491035461
64500,0.1371650993824005
64600,0.07538530975580215
64700,0.11170167475938797
64800,0.07829022407531738
64900,0.2752538323402405
65000,0.13980139791965485
65100,0.13812664151191711
65200,0.12139240652322769
65300,0.08398628234863281
65400,0.10921016335487366
65500,0.15288163721561432
65600,0.1469534933567047
65700,0.118623748421669
65800,0.13300716876983643
65900,0.07527010142803192
66000,0.17865435779094696
66100,0.12657296657562256
66200,0.09442728012800217
66300,0.16962659358978271
66400,0.10189187526702881
66500,0.09715759009122849
66600,0.11658090353012085
66700,0.13924190402030945
66800,0.21956995129585266
66900,0.18731951713562012
67000,0.1441487967967987
67100,0.07414519041776657
67200,0.20111995935440063
67300,0.17269054055213928
67400,0.1396598219871521
67500,0.09849075973033905
67600,0.09700548648834229
67700,0.19034188985824585
67800,0.1129777580499649
67900,0.12646427750587463
68000,0.13292019069194794
68100,0.1541469693183899
68200,0.087921641767025
68300,0.1426485776901245
68400,0.11379465460777283
68500,0.17768527567386627
68600,0.12300676107406616
68700,0.08554010838270187
68800,0.10460484027862549
68900,0.14054325222969055
69000,0.1408408135175705
69100,0.10077381134033203
69200,0.10172617435455322
69300,0.20384283363819122
69400,0.16246935725212097
69500,0.16882923245429993
69600,0.1091097891330719
69700,0.09225323796272278
69800,0.10865218937397003
69900,0.1373353898525238
70000,0.11494335532188416
70100,0.13455000519752502
70200,0.13468927145004272
70300,0.07822252810001373
70400,0.16621661186218262
70500,0.16957837343215942
70600,0.16563139855861664
70700,0.08707448840141296
70800,0.1403171271085739
70900,0.16674894094467163
71000,0.1475960910320282
71100,0.15220458805561066
71200,0.09491194784641266
71300,0.16688527166843414
71400,0.11186537146568298
71500,0.15581515431404114
71600,0.10615884512662888
71700,0.117253877222538
71800,0.1885141134262085
71900,0.0952255055308342
72000,0.1010042056441307
72100,0.1325865089893341
72200,0.14132431149482727
72300,0.1475917100906372
72400,0.08122040331363678
72500,0.1496683657169342
72600,0.23690852522850037
72700,0.09349900484085083
72800,0.18317240476608276
72900,0.15910768508911133
73000,0.15665826201438904
73100,0.10925114899873734
73200,0.1219692975282669
73300,0.10882639139890671
73400,0.17922338843345642
73500,0.12435369938611984
73600,0.14423595368862152
73700,0.09242551773786545
73800,0.20702499151229858
73900,0.10882328450679779
74000,0.12742100656032562
74100,0.15890267491340637
74200,0.10722120106220245
74300,0.11166270077228546
74400,0.14671805500984192
74500,0.10245326161384583
74600,0.13007621467113495
74700,0.1046617180109024
74800,0.11402773857116699
74900,0.12680409848690033
75000,0.08865603804588318
75100,0.13582441210746765
75200,0.13921776413917542
75300,0.11642174422740936
75400,0.15546637773513794
75500,0.13470450043678284
75600,0.10700371861457825
75700,0.1749267429113388
75800,0.2602998614311218
75900,0.12303657829761505
76000,0.09232264012098312
76100,0.1237698346376419
76200,0.14220300316810608
76300,0.11684254556894302
76400,0.12743113934993744
76500,0.10827711224555969
76600,0.15002179145812988
76700,0.15254729986190796
76800,0.08526229858398438
76900,0.11530295014381409
77000,0.10626557469367981
77100,0.12189961969852448
77200,0.13737960159778595
77300,0.16962432861328125
77400,0.1861446499824524
77500,0.12816712260246277
77600,0.12727205455303192
77700,0.11005516350269318
77800,0.10124645382165909
77900,0.16253361105918884
78000,0.12685880064964294
78100,0.10481810569763184
78200,0.1086977869272232
78300,0.2044362723827362
78400,0.19977349042892456
78500,0.18863123655319214
78600,0.17244383692741394
78700,0.1779278814792633
78800,0.14733467996120453
78900,0.16050982475280762
79000,0.11379624903202057
79100,0.09117352217435837
79200,0.1061483845114708
79300,0.10044531524181366
79400,0.1746976673603058
79500,0.11276251077651978
79600,0.10245555639266968
79700,0.07297515869140625
79800,0.11484146863222122
79900,0.1536223143339157
80000,0.11898285150527954
